ARG="6908 7068 4113 3318 5373 356 849 101 3528 9319 6611 1127 3404 3490 1194 6305 7324 8101 6191 1388 2140 4942 7214 2773 4352 7781 2912 351 9303 5681 2622 4414 5668 3823 9713 1562 1862 7124 2740 437 8174 222 9318 8058 5325 952 1673 8556 9237 6517 1546 9737 8613 2540 2655 1723 9929 5440 7859 8649 6321 7772 2488 9184 3301 6714 4028 3911 4635 5314 6013 903 7723 9334 3701 5438 6444 9266 3806 4940 5231 9010 7303 2750 1557 5696 5288 5622 3176 6449 2264 56 933 1902 6696 2765 844 1761 9920 8209



ARG="1914 4646 2836 4207 1590 1422 1858 941 4947 2002 4920 778 4111 4505 2168 595 443 567 3817 3235 4586 982 4495 1851 4188 2675 4143 1021 2325 2144 33 639 4731 4016 4450 4363 4324 183 1047 688 143 4205 2679 2054 2714 1815 2884 588 3990 1971 2502 2367 415 2233 4133 3853 2352 1476 3346 2487 3410 535 173 3591 4168 2991 2451 4486 486 1682 499 262 4539 2593 2273 411 1911 2607 1139 616 3452 2432 4549 3945 4656 3775 1647 1245 425 2516 1279 2001 4259 3973 3620 4488 3449 897 3010 2761 291 1052 2154 4272 504 676 3267 628 2165 298 3551 1003 4534 1991 1808 583 4573 1398 4246 2482 3507 4351 3824 4068 936 4478 4550 1259 1441 902 3326 1050 2173 2988 4623 2213 593 1504 4697 2644 2362 541 1897 398 4918 1233 718 3408 4193 2318 1101 4576 2201 1884 1724 2581 3166 1648 2269 4080 138 4428 1150 115 4854 1137 384 1763 304 4895 4334 1778 3744 1931 2976 4997 681 3474 2460 3578 2302 3698 2887 1751 211 2709 2979 3311 3398 613 1184 889 2279 1650 4628 1699 1701 740 300 4153 833 3542 476 635 3335 4144 2693 3438 2529 2421 653 2253 2779 4386 4671 2878 4291 4085 4921 863 1465 3540 3904 4604 4568 1400 190 2532 1429 2500 4969 2703 750 4203 4728 3045 2311 4831 3187 4819 111 4723 308 975 3158 3835 431 3515 3543 775 1462 273 1734 3902 3752 469 20 4233 4473 2131 4990 1428 1835 3050 1231 2007 3425 414 3948 2033 3254 1754 921 1804 1162 3014 1620 1020 3800 459 1004 2214 4832 960 3121 4745 4224 4934 3102 2833 2303 3202 4637 2147 2018 4778 1572 1777 4104 617 3743 1534 1053 3493 3650 596 3794 288 3555 1511 3535 2392 1581 153 4744 3293 4877 2995 3999 2347 3994 404 4197 461 3115 3609 2533 526 2945 2124 4408 2730 4175 2898 202 3488 1629 1309 4547 2929 2543 2972 2909 1016 1255 4543 66 4565 4493 4019 580 4035 2118 3871 1509 1551 751 4923 276 2427 321 224 1762 2777 3290 995 1645 3873 2594 3556 1361 2605 1243 1192 3882 401 683 2109 983 3174 696 3472 4431 4781 3429 3418 4327 3765 2335 2558 3389 2281 4557 2700 3914 1823 1082 2685 359 3627 4891 149 4879 1557 1707 3940 3610 2535 2676 3665 3514 1683 672 379 674 4894 3477 888 1917 59 2046 3868 3814 1849 3285 3606 1743 1566 575 4555 3475 943 2802 1152 4786 699 480 2886 1936 4262 2084 2445 2939 4780 447 3768 3511 701 4239 3419 3685 146 344 2799 3777 2839 3163 505 2012 2942 3642 1168 385 3049 23 1165 4491 3499 2307 4858 2759 4374 4859 3 3201 4449 824 1543 1659 2410 4169 4242 1887 2883 2597 3392 3318 3004 2787 1470 2236 1344 2077 229 1365 2316 1141 2707 3573 3965


ARG="828 529 459 735 373 138 710 170 117 914 967 680 850 277 976 567 756 313 724 884 362 808 624 414 883 1 432 556 285 321 795 168 601 746 838 774 156 858 386 375 928 161 489 964 282 59 371 493 563 66"

ARG="828 529 459 735 373 138 710 170 117 914 967 680 850 277 976 567 756 313 724 884 362 808"
